function [betaBS covBS betaPB covPB betaR covR betaS covS W SICf SICm array]=covbeta(nsim)

% BS Breeding success
% PB 
% R Return
% S Survival
% W 
% SICf
% SICm
% array


%breeding success ***********************************
betaBS=[-0.00586821143510701;-1.75351942135837];
covBS=[...
0.0484976527654650,0;
0,1.71486908453073];

% Proportion of 1st return - 1st year survival ***********************************
betaPB=[1.216946361 -2.82227397]';
covPB=[...
4.82142783 -1.22625655;
-1.22625655 0.319922];

% return probabilities ***********************************
covRmod=[...
-2.11	0.23	0.05	0.00	0.01	0.01	0.01	0.01	0.02	0.01	0.01	0.02	0.02	0.01	0.02	0.01	0.02	0.01	0.02	0.00	0.01	0.01	0.00	0.01	-0.01	0.00	0.00	0.00	0.00	0.00	0.00	0.00;
-2.42	0.18	0.00	0.03	0.01	0.01	0.01	0.01	0.01	0.01	0.01	0.01	0.02	0.01	0.01	0.01	0.02	0.01	0.01	0.00	0.01	0.01	0.00	0.01	-0.01	0.00	0.00	0.00	0.00	0.00	0.00	0.00;
-1.91	0.15	0.01	0.01	0.02	0.01	0.01	0.01	0.02	0.01	0.01	0.02	0.02	0.01	0.02	0.01	0.02	0.01	0.02	0.00	0.01	0.01	0.00	0.01	-0.01	0.00	0.00	0.00	0.00	0.00	0.00	0.00;
-2.18	0.15	0.01	0.01	0.01	0.02	0.01	0.01	0.02	0.01	0.01	0.02	0.02	0.01	0.02	0.02	0.02	0.01	0.02	0.00	0.01	0.01	0.01	0.01	-0.01	0.00	0.00	0.00	0.00	0.00	0.00	0.00;
-3.01	0.20	0.01	0.01	0.01	0.01	0.04	0.01	0.02	0.01	0.01	0.02	0.02	0.01	0.02	0.02	0.02	0.01	0.02	0.00	0.01	0.02	0.00	0.01	-0.01	0.00	0.00	0.00	0.00	0.00	0.00	0.00;
-2.71	0.18	0.01	0.01	0.01	0.01	0.01	0.03	0.02	0.01	0.02	0.02	0.03	0.02	0.02	0.02	0.02	0.02	0.02	0.00	0.01	0.00	0.01	0.01	-0.02	0.00	0.00	0.00	0.00	0.00	0.00	0.00;
-2.76	0.23	0.02	0.01	0.02	0.02	0.02	0.02	0.05	0.01	0.02	0.03	0.04	0.02	0.03	0.02	0.03	0.02	0.02	0.00	0.01	0.00	0.00	0.02	-0.03	-0.01	0.00	0.00	0.00	0.00	0.00	0.00;
-2.79	0.22	0.01	0.01	0.01	0.01	0.01	0.01	0.01	0.05	-0.01	0.02	0.02	0.02	0.02	0.02	0.02	0.01	0.02	0.00	0.01	0.01	0.01	0.00	0.01	-0.01	0.00	0.00	0.01	0.01	0.00	0.00;
-3.24	0.32	0.01	0.01	0.01	0.01	0.01	0.02	0.02	-0.01	0.10	0.02	0.03	0.02	0.03	0.02	0.03	0.02	0.03	0.00	0.01	0.01	0.01	0.01	-0.02	0.00	0.00	0.00	0.01	0.01	0.00	0.00;
-1.95	0.22	0.02	0.01	0.02	0.02	0.02	0.02	0.03	0.02	0.02	0.05	0.03	0.02	0.03	0.03	0.03	0.02	0.03	0.01	0.01	0.01	0.01	0.01	-0.02	-0.01	0.00	0.00	0.01	0.01	0.00	0.00;
-2.66	0.38	0.02	0.02	0.02	0.02	0.02	0.03	0.04	0.02	0.03	0.03	0.15	0.01	0.04	0.04	0.05	0.03	0.04	0.01	0.02	0.02	0.01	0.02	-0.05	-0.01	0.02	-0.01	0.00	0.01	0.00	0.00;
-3.08	0.29	0.01	0.01	0.01	0.01	0.01	0.02	0.02	0.02	0.02	0.02	0.01	0.08	0.03	0.03	0.03	0.03	0.03	0.00	0.01	0.01	0.01	0.01	-0.01	0.00	0.00	-0.01	0.02	0.01	0.00	0.00;
-2.68	0.24	0.02	0.01	0.02	0.02	0.02	0.02	0.03	0.02	0.03	0.03	0.04	0.03	0.06	0.03	0.04	0.03	0.04	0.01	0.01	0.02	0.01	0.01	-0.02	0.00	0.00	0.00	0.02	0.02	0.00	0.00;
-4.54	0.43	0.01	0.01	0.01	0.02	0.02	0.02	0.02	0.02	0.02	0.03	0.04	0.03	0.03	0.19	-0.01	0.03	0.04	0.00	0.01	0.01	0.01	0.01	-0.01	0.00	0.00	0.01	0.05	0.02	0.01	0.00;
-5.18	0.87	0.02	0.02	0.02	0.02	0.02	0.02	0.03	0.02	0.03	0.03	0.05	0.03	0.04	-0.01	0.75	-0.30	0.04	0.01	0.01	0.01	0.01	0.01	-0.02	0.00	0.01	0.00	0.04	-0.03	0.00	0.00;
-5.90	1.08	0.01	0.01	0.01	0.01	0.01	0.02	0.02	0.01	0.02	0.02	0.03	0.03	0.03	0.03	-0.30	1.17	0.04	0.00	0.01	0.02	0.01	0.01	-0.01	0.00	0.00	0.01	0.05	0.06	0.00	0.00;
-2.97	0.32	0.02	0.01	0.02	0.02	0.02	0.02	0.02	0.02	0.03	0.03	0.04	0.03	0.04	0.04	0.04	0.04	0.10	0.01	0.02	0.02	0.01	0.01	-0.01	0.00	0.00	0.02	0.07	0.04	0.01	0.00;
1.59	0.21	0.00	0.00	0.00	0.00	0.00	0.00	0.00	0.00	0.00	0.01	0.01	0.00	0.01	0.00	0.01	0.00	0.01	0.05	0.00	0.01	0.00	0.00	0.00	0.00	0.00	0.00	0.00	0.00	0.00	0.00;
2.15	0.30	0.01	0.01	0.01	0.01	0.01	0.01	0.01	0.01	0.01	0.01	0.02	0.01	0.01	0.01	0.01	0.01	0.02	0.00	0.09	0.02	0.01	0.01	-0.01	0.00	0.00	0.00	0.01	0.01	0.00	0.00;
2.66	0.58	0.01	0.01	0.01	0.01	0.02	0.00	0.00	0.01	0.01	0.01	0.02	0.01	0.02	0.01	0.01	0.02	0.02	0.01	0.02	0.34	-0.01	0.01	-0.01	0.00	0.00	0.01	0.02	0.01	0.00	0.00;
1.49	0.23	0.00	0.00	0.00	0.01	0.00	0.01	0.00	0.01	0.01	0.01	0.01	0.01	0.01	0.01	0.01	0.01	0.01	0.00	0.01	-0.01	0.05	0.00	0.00	0.00	0.00	0.00	0.01	0.01	0.00	0.00;
1.43	0.25	0.01	0.01	0.01	0.01	0.01	0.01	0.02	0.00	0.01	0.01	0.02	0.01	0.01	0.01	0.01	0.01	0.01	0.00	0.01	0.01	0.00	0.06	-0.04	0.00	0.00	0.00	0.01	0.00	0.00	0.00;
1.60	0.43	-0.01	-0.01	-0.01	-0.01	-0.01	-0.02	-0.03	0.01	-0.02	-0.02	-0.05	-0.01	-0.02	-0.01	-0.02	-0.01	-0.01	0.00	-0.01	-0.01	0.00	-0.04	0.18	-0.02	0.00	0.01	0.03	0.01	0.00	0.00;
1.07	0.25	0.00	0.00	0.00	0.00	0.00	0.00	-0.01	-0.01	0.00	-0.01	-0.01	0.00	0.00	0.00	0.00	0.00	0.00	0.00	0.00	0.00	0.00	0.00	-0.02	0.06	0.01	0.00	0.00	0.00	0.00	0.00;
2.14	0.53	0.00	0.00	0.00	0.00	0.00	0.00	0.00	0.00	0.00	0.00	0.02	0.00	0.00	0.00	0.01	0.00	0.00	0.00	0.00	0.00	0.00	0.00	0.00	0.01	0.28	-0.08	-0.03	-0.01	0.00	0.00;
1.35	0.29	0.00	0.00	0.00	0.00	0.00	0.00	0.00	0.00	0.00	0.00	-0.01	-0.01	0.00	0.01	0.00	0.01	0.02	0.00	0.00	0.01	0.00	0.00	0.01	0.00	-0.08	0.08	0.03	0.03	0.01	0.01;
4.38	1.28	0.00	0.00	0.00	0.00	0.00	0.00	0.00	0.01	0.01	0.01	0.00	0.02	0.02	0.05	0.04	0.05	0.07	0.00	0.01	0.02	0.01	0.01	0.03	0.00	-0.03	0.03	1.64	0.06	0.02	0.02;
2.50	0.38	0.00	0.00	0.00	0.00	0.00	0.00	0.00	0.01	0.01	0.01	0.01	0.01	0.02	0.02	-0.03	0.06	0.04	0.00	0.01	0.01	0.01	0.00	0.01	0.00	-0.01	0.03	0.06	0.15	0.01	0.01;
0.69	0.12	0.00	0.00	0.00	0.00	0.00	0.00	0.00	0.00	0.00	0.00	0.00	0.00	0.00	0.01	0.00	0.00	0.01	0.00	0.00	0.00	0.00	0.00	0.00	0.00	0.00	0.01	0.02	0.01	0.02	0.00;
0.75	0.18	0.00	0.00	0.00	0.00	0.00	0.00	0.00	0.00	0.00	0.00	0.00	0.00	0.00	0.00	0.00	0.00	0.00	0.00	0.00	0.00	0.00	0.00	0.00	0.00	0.00	0.01	0.02	0.01	0.00	0.03];

betaR=covRmod(:,1);
covR=covRmod(:,3:end);

% survival probabilities from the model selection***********************************
% 36 models (rows)
BETAS=[...
0.1380	2	2.70	2.98	0.00	2	2.55	2.74	0.00
0.0933	4	3.45	2.28	-17.99	4	3.10	0.98	-15.00
0.0768	4	3.21	2.48	-13.32	2	2.55	2.05	0.00
0.0739	2	2.67	2.93	0.00	2	2.60	1.26	-5.69
0.0622	4	3.01	2.08	-10.43	1	2.33	0.00	0.00
0.0480	4	3.23	2.25	-15.21	2	2.67	0.17	-8.56
0.0454	4	2.69	2.82	0.00	1	2.34	0.00	0.00
0.0404	4	2.97	4.41	0.00	2	2.55	1.72	0.00
0.0319	4	2.81	3.54	0.00	3	2.47	1.49	0.00
0.0236	4	3.01	2.07	-10.71	4	2.31	-0.18	0.00
0.0225	1	2.36	0.00	0.00	1	2.25	0.00	0.00
0.0216	4	3.57	7.32	0.00	4	3.12	1.59	-12.47
0.0213	3	2.53	1.72	0.00	1	2.26	0.00	0.00
0.0193	4	2.69	2.92	0.00	1	2.37	0.43	0.00
0.0187	4	3.02	2.27	-10.25	3	2.43	1.26	0.00
0.0176	4	2.79	3.39	0.00	4	2.39	0.46	0.00
0.0175	2	2.59	2.11	0.00	4	2.68	0.46	-8.77
0.0174	2	2.51	1.68	0.00	4	2.24	-0.48	0.00
0.0173	4	2.96	4.42	0.00	2	2.61	1.00	-3.53
0.0173	4	2.96	4.42	0.00	2	2.61	1.00	-3.53
0.0313	4	3.00	2.08	-10.35	1	2.35	0.42	0.00
0.0148	1	2.37	0.00	0.00	2	2.35	1.07	0.00
0.0144	3	2.47	1.40	0.00	2	2.35	1.31	0.00
0.0137	2	2.67	2.87	-0.08	2	2.61	1.22	-5.70
0.0125	2	2.54	1.88	0.00	3	2.35	1.17	0.00
0.0114	1	2.36	0.00	0.00	1	2.27	0.32	0.00
0.0100	2	2.45	1.23	0.00	1	2.24	0.00	0.00
0.0100	1	2.36	0.00	0.00	4	2.23	-0.59	0.00
0.0089	2	2.52	1.68	0.00	1	2.28	0.26	0.00
0.0088	2	2.59	2.11	0.00	4	2.68	0.46	-8.78
0.0078	3	2.46	1.35	0.00	2	2.45	0.36	-4.90
0.0073	1	2.35	0.00	0.00	2	2.45	0.07	-5.45
0.0068	4	2.38	0.38	0.00	1	2.25	0.00	0.00
0.0065	2	2.61	1.89	-1.05	4	2.68	0.46	-8.99
0.0059	1	2.37	0.00	0.00	3	2.32	0.79	0.00
0.0058	3	2.47	1.22	0.00	4	2.54	0.27	-6.45];

% here the number of simulation is used to weigth t
W=BETAS(:,1); %model weigths
betaS=[BETAS(:,3:5) BETAS(:,7:9)]; %beta estimate of the regression coeff
SICf=BETAS(:,2); SICm=BETAS(:,6); % # SIC covariates for survival female and male

% To quantify uncertainties resulting from model selection
% and estimation error, we used the parametric bootstrap
% procedure introduced by Regehr et al. (2010) and Hunter et al.
% (2010). To generate a bootstrap sample of a model output in
% this procedure, a CMR model is first selected with probability
% proportional to its AIC weight. 
%HERE arraysim describes the number of time
% each model is selected to draw vector of parameter
% values from a multivariate normal distribution with
% a mean equal to the estimated parameter vector and a
% covariance matrix obtained from the Hessian matrix of the
% CMR model. These covariance matrix are described by covS for each model
% (36 in dimension 3)
% 

arraysim=cumsum(ceil(nsim*W));
arraysim(find(arraysim>nsim))=0;
array=arraysim(find(arraysim(:)>0));
if array(end)~=nsim, array(end+1)=nsim;end



covS(:,:,1) =[...

    0.0730    0.2820         0    0.0460    0.1750         0;
    0.2820    1.5580         0    0.1670    0.8900         0;
         0         0         0         0         0         0;
    0.0460    0.1670         0    0.0770    0.3260         0;
    0.1750    0.8900         0    0.3260    1.9050         0;
         0         0         0         0         0         0];


covS(:,:,2) =[...

    0.0920    0.1540   -0.9240   -0.0360   -0.0730    0.9450;
    0.1540    0.9220   -0.7980   -0.0110    0.1540    0.9020;
   -0.9240   -0.7980   15.5870    0.9120    1.7910  -15.6450;
   -0.0360   -0.0110    0.9120    0.0770    0.1250   -0.9060;
   -0.0730    0.1540    1.7910    0.1250    0.8750   -1.7150;
    0.9450    0.9020  -15.6450   -0.9060   -1.7150   15.7260];


covS(:,:,3) =[...

    0.2550    0.3640   -3.3700    0.0830    0.3030         0;
    0.3640    1.3720   -3.1730    0.1290    0.4780         0;
   -3.3700   -3.1730   55.0330   -0.8890   -4.0330         0;
    0.0830    0.1290   -0.8890    0.0770    0.3190         0;
    0.3030    0.4780   -4.0330    0.3190    1.9900         0;
         0         0         0         0         0         0];


covS(:,:,4) =[...

    0.0700    0.2720         0    0.0370    0.1230   -0.0120;
    0.2720    1.5050         0    0.1270    0.5880   -0.2470;
         0         0         0         0         0         0;
    0.0370    0.1270         0    0.0650    0.0510   -0.6420;
    0.1230    0.5880         0    0.0510    2.9620    7.7690;
   -0.0120   -0.2470         0   -0.6420    7.7690   34.4380];


covS(:,:,5) =[...

    0.1730    0.2560   -2.2710    0.0340         0         0;
    0.2560    1.2000   -1.8870    0.0560         0         0;
   -2.2710   -1.8870   40.0610   -0.2380         0         0;
    0.0340    0.0560   -0.2380    0.0260         0         0;
         0         0         0         0         0         0;
         0         0         0         0         0         0];


covS(:,:,6) =[...

    0.2400    0.3220   -3.2300    0.0710    0.0610   -0.5510;
    0.3220    1.1020   -3.3700    0.0840    0.3260    0.1590;
   -3.2300   -3.3700   51.6690   -0.8520    0.0900   11.7830;
    0.0710    0.0840   -0.8520    0.0710   -0.0260   -0.9430;
    0.0610    0.3260    0.0900   -0.0260    2.1660    6.4440;
   -0.5510    0.1590   11.7830   -0.9430    6.4440   34.9770];


covS(:,:,7) =[...

    0.2120    1.1390         0        0.0570    0   0;
    1.1390    6.9230         0        0.2540    0   0;
         0         0         0        0         0   0;
    0.0570    0.2540         0        0.0330    0   0;
         0         0         0        0         0   0;
         0         0         0        0        0   0];


covS(:,:,8) =[...

    0.7980    4.1680         0         0    0         0;
    4.1680   22.4990         0         0    0         0;
         0         0         0         0         0         0;
         0         0         0    0.1050    0.3810         0;
         0         0         0    0.3810    2.1150         0;
         0         0         0         0         0         0];


covS(:,:,9) =[...

    0.3060    1.6230         0    0.0840    0.1780         0;
    1.6230    9.3680         0    0.4020    1.0590         0;
         0         0         0         0         0         0;
    0.0840    0.4020         0    0.0560    0.1960         0;
    0.1780    1.0590         0    0.1960    1.5650         0;
         0         0         0         0         0         0];


covS(:,:,10) =[...

    0.1680    0.2630   -2.1730    0.0350    0.0400         0;
    0.2630    1.3110   -1.5410    0.0840    0.5000         0;
   -2.1730   -1.5410   39.1270   -0.1710    0.9960         0;
    0.0350    0.0840   -0.1710    0.0290    0.0830         0;
    0.0400    0.5000    0.9960    0.0830    1.3950         0;
         0         0         0         0         0         0];


covS(:,:,11) =[...

    0.0230         0         0    0.0150         0         0;
         0         0         0         0         0         0;
         0         0         0         0         0         0;
    0.0150         0         0    0.0220         0         0;
         0         0         0         0         0         0;
         0         0         0         0         0         0];


covS(:,:,12) =[...

    1.0380    4.8370         0    0.4360    0.5750   -5.5570;
    4.8370   23.1960         0    1.9570    2.6790  -25.5700;
         0         0         0         0         0         0;
    0.4360    1.9570         0    0.3800    0.5250   -5.2870;
    0.5750    2.6790         0    0.5250    1.6330   -6.7930;
   -5.5570  -25.5700         0   -5.2870   -6.7930   81.6560];


covS(:,:,13) =[...

    0.0450    0.1520         0    0.0180         0         0;
    0.1520    1.0580         0    0.0240         0         0;
         0         0         0         0         0         0;
    0.0180    0.0240         0    0.0230         0         0;
         0         0         0         0         0         0;
         0         0         0         0         0         0];


covS(:,:,14) =[...

    0.2130    1.1490         0    0.0580    0.0300         0;
    1.1490    7.0100         0    0.2630    0.2000         0;
         0         0         0         0         0         0;
    0.0580    0.2630         0    0.0350    0.0310         0;
    0.0300    0.2000         0    0.0310    0.2740         0;
         0         0         0         0         0         0];


covS(:,:,15) =[...

    0.1700    0.2550   -2.2120    0.0370    0.0340         0;
    0.2550    1.3260   -1.4030    0.0830    0.2810         0;
   -2.2120   -1.4030   40.5380   -0.2130    0.0640         0;
    0.0370    0.0830   -0.2130    0.0430    0.1640         0;
    0.0340    0.2810    0.0640    0.1640    1.5460         0;
         0         0         0         0         0         0];


covS(:,:,16) =[...

    0.3640    1.9750         0    0.1140    0.4810         0;
    1.9750   11.5010         0    0.5710    2.7380         0;
         0         0         0         0         0         0;
    0.1140    0.5710         0    0.0580    0.2320         0;
    0.4810    2.7380         0    0.2320    2.1280         0;
         0         0         0         0         0         0];


covS(:,:,17) =[...

    0.0590    0.2200         0    0.0510    0.0680   -0.5740;
    0.2200    1.3450         0    0.1660    0.3000   -2.4350;
         0         0         0         0         0         0;
    0.0510    0.1660         0    0.1610    0.2700   -2.3960;
    0.0680    0.3000         0    0.2700    1.1130   -4.4290;
   -0.5740   -2.4350         0   -2.3960   -4.4290   41.5970];

covS(:,:,18) =[...

    0.0440    0.1510         0    0.0180    0.0120         0;
    0.1510    1.0600         0    0.0250    0.0490         0;
         0         0         0         0         0         0;
    0.0180    0.0250         0    0.0230    0.0210         0;
    0.0120    0.0490         0    0.0210    0.8930         0;
         0         0         0         0         0         0];


covS(:,:,19) =[...

    1.0480    5.5380         0    0.2750    0.6690   -0.5090;
    5.5380   30.0210         0    1.4010    3.4930   -3.0020;
         0         0         0         0         0         0;
    0.2750    1.4010         0    0.1260    0.1640   -0.9310;
    0.6690    3.4930         0    0.1640    3.0830    7.2010;
   -0.5090   -3.0020         0   -0.9310    7.2010   38.7130];


covS(:,:,20) =[...

    1.0480    5.5380         0    0.2750    0.6690   -0.5090;
    5.5380   30.0210         0    1.4010    3.4930   -3.0020;
         0         0         0         0         0         0;
    0.2750    1.4010         0    0.1260    0.1640   -0.9310;
    0.6690    3.4930         0    0.1640    3.0830    7.2010;
   -0.5090   -3.0020         0   -0.9310    7.2010   38.7130];


covS(:,:,21) =[...

    0.1630    0.2370   -2.1340    0.0320   -0.0020         0;
    0.2370    1.1620   -1.6390    0.0530    0.0170         0;
   -2.1340   -1.6390   38.1650   -0.2140    0.0190         0;
    0.0320    0.0530   -0.2140    0.0270    0.0220         0;
   -0.0020    0.0170    0.0190    0.0220    0.2510         0;
         0         0         0         0         0         0];


covS(:,:,22) =[...

    0.0240         0         0    0.0180    0.0210         0;
         0         0         0         0         0         0;
         0         0         0         0         0         0;
    0.0180         0         0    0.0390    0.1430         0;
    0.0210         0         0    0.1430    1.2650         0;
         0         0         0         0         0         0];


covS(:,:,23) =[...
0.033	0.098	0.000	0.019	0.035	0.000;
0.098	0.929	0.000	0.019	0.154	0.000;
0.000	0.000	0.000	0.000	0.000	0.000;
0.019	0.019	0.000	0.040	0.150	0.000;
0.035	0.154	0.000	0.150	1.243	0.000;
0.000	0.000	0.000	0.000	0.000	0.000];
     
     
covS(:,:,24) =[...

    0.0700    0.2540   -0.0580    0.0370    0.1170   -0.0320;
    0.2540    4.7540   11.8010    0.1460    1.7110    3.7190;
   -0.0580   11.8010   42.8790    0.0730    4.0680   14.4090;
    0.0370    0.1460    0.0730    0.0650    0.0560   -0.6270;
    0.1170    1.7110    4.0680    0.0560    3.3350    9.1010;
   -0.0320    3.7190   14.4090   -0.6270    9.1010   39.3270];


covS(:,:,25) =[...

    0.0460    0.1580         0    0.0210    0.0280         0;
    0.1580    1.0680         0    0.0410    0.1870         0;
         0         0         0         0         0         0;
    0.0210    0.0410         0    0.0360    0.1370         0;
    0.0280    0.1870         0    0.1370    1.3540         0;
         0         0         0         0         0         0];


covS(:,:,26) =[...

    0.0240         0         0    0.0160   -0.0010         0;
         0         0         0         0         0         0;
         0         0         0         0         0         0;
    0.0160         0         0    0.0240    0.0210         0;
   -0.0010         0         0    0.0210    0.2450         0;
         0         0         0         0         0         0];


covS(:,:,27) =[...

    0.0330    0.0970         0    0.0160         0         0;
    0.0970    0.9660         0    0.0030         0         0;
         0         0         0         0         0         0;
    0.0160    0.0030         0    0.0220         0         0;
         0         0         0         0         0         0;
         0         0         0         0         0         0];


covS(:,:,28) =[...

    0.0230         0         0    0.0160    0.0040         0;
         0         0         0         0         0         0;
         0         0         0         0         0         0;
    0.0160         0         0    0.0220    0.0130         0;
    0.0040         0         0    0.0130    0.8130         0;
         0         0         0         0         0         0];


covS(:,:,29) =[...

    0.0440    0.1510         0    0.0180   -0.0060         0;
    0.1510    1.0600         0    0.0220   -0.0410         0;
         0         0         0         0         0         0;
    0.0180    0.0220         0    0.0240    0.0180         0;
   -0.0060   -0.0410         0    0.0180    0.2520         0;
         0         0         0         0         0         0];


covS(:,:,30) =[...

    0.0590    0.2200         0    0.0510    0.0680   -0.5740;
    0.2200    1.3450         0    0.1660    0.3000   -2.4350;
         0         0         0         0         0         0;
    0.0510    0.1660         0    0.1610    0.2700   -2.3960;
    0.0680    0.3000         0    0.2700    1.1130   -4.4290;
   -0.5740   -2.4350         0   -2.3960   -4.4290   41.5970];


covS(:,:,31) =[...
0.033	0.098	0.000	0.017	0.035	0.042;
0.098	0.942	0.000	0.009	0.190	0.321;
0.000	0.000	0.000	0.000	0.000	0.000;
0.017	0.009	0.000	0.052	0	0;
0.035	0.190	0.000	0	1.867	5.371;
0.042	0.321	0.000	0	5.371	29.415];

covS(:,:,32) =[...

    0.0230         0         0    0.0160    0.0170    0.0110;
         0         0         0         0         0         0;
         0         0         0         0         0         0;
    0.0160         0         0    0.0520   -0.0380   -0.7600;
    0.0170         0         0   -0.0380    1.7250    5.0540;
    0.0110         0         0   -0.7600    5.0540   29.1130];


covS(:,:,33) =[...

    0.0250    0.0160         0    0.0150         0         0;
    0.0160    0.2010         0   -0.0020         0         0;
         0         0         0         0         0         0;
    0.0150   -0.0020         0    0.0230         0         0;
         0         0         0         0         0         0;
         0         0         0         0         0         0];


covS(:,:,34) =[...

    0.0610    0.1110   -0.4170    0.0510    0.0650   -0.6270;
    0.1110    2.9130    7.6240    0.1180    0.3130   -0.7720;
   -0.4170    7.6240   34.6630   -0.1730    0.1150    6.8610;
    0.0510    0.1180   -0.1730    0.1610    0.2690   -2.4140;
    0.0650    0.3130    0.1150    0.2690    1.1060   -4.4020;
   -0.6270   -0.7720    6.8610   -2.4140   -4.4020   42.5970];


covS(:,:,35) =[...

    0.0240         0         0    0.0160    0.0040         0;
         0         0         0         0         0         0;
         0         0         0         0         0         0;
    0.0160         0         0    0.0350    0.1350         0;
    0.0040         0         0    0.1350    1.4900         0;
         0         0         0         0         0         0];


covS(:,:,36) =[...

    0.0340    0.1030         0    0.0260    0.0350   -0.1980;
    0.1030    1.0160         0    0.0220    0.1660   -0.3060;
         0         0         0         0         0         0;
    0.0260    0.0220         0    0.1160    0.1930   -1.7220;
    0.0350    0.1660         0    0.1930    1.0080   -3.2560;
   -0.1980   -0.3060         0   -1.7220   -3.2560   31.7880];
return
