function [betaBS covBS betaPB covPB betaR covR betaS covS W SICf SICm array]=covbeta(nsim)

% BS Breeding success
% PB 
% R Return
% S Survival
% W 
% SICf
% SICm
% array


%breeding success ***********************************
betaBS=[-0.00586821143510701;-1.75351942135837];
covBS=[...
0.0484976527654650,0;
0,1.71486908453073];

% Proportion of 1st return - 1st year survival ***********************************
betaPB=[1.216946361 -2.82227397]';
covPB=[...
4.82142783 -1.22625655;
-1.22625655 0.319922];

% return probabilities ***********************************
covRmod=[...
-2.11	0.23	0.05	0.00	0.01	0.01	0.01	0.01	0.02	0.01	0.01	0.02	0.02	0.01	0.02	0.01	0.02	0.01	0.02	0.00	0.01	0.01	0.00	0.01	-0.01	0.00	0.00	0.00	0.00	0.00	0.00	0.00;
-2.42	0.18	0.00	0.03	0.01	0.01	0.01	0.01	0.01	0.01	0.01	0.01	0.02	0.01	0.01	0.01	0.02	0.01	0.01	0.00	0.01	0.01	0.00	0.01	-0.01	0.00	0.00	0.00	0.00	0.00	0.00	0.00;
-1.91	0.15	0.01	0.01	0.02	0.01	0.01	0.01	0.02	0.01	0.01	0.02	0.02	0.01	0.02	0.01	0.02	0.01	0.02	0.00	0.01	0.01	0.00	0.01	-0.01	0.00	0.00	0.00	0.00	0.00	0.00	0.00;
-2.18	0.15	0.01	0.01	0.01	0.02	0.01	0.01	0.02	0.01	0.01	0.02	0.02	0.01	0.02	0.02	0.02	0.01	0.02	0.00	0.01	0.01	0.01	0.01	-0.01	0.00	0.00	0.00	0.00	0.00	0.00	0.00;
-3.01	0.20	0.01	0.01	0.01	0.01	0.04	0.01	0.02	0.01	0.01	0.02	0.02	0.01	0.02	0.02	0.02	0.01	0.02	0.00	0.01	0.02	0.00	0.01	-0.01	0.00	0.00	0.00	0.00	0.00	0.00	0.00;
-2.71	0.18	0.01	0.01	0.01	0.01	0.01	0.03	0.02	0.01	0.02	0.02	0.03	0.02	0.02	0.02	0.02	0.02	0.02	0.00	0.01	0.00	0.01	0.01	-0.02	0.00	0.00	0.00	0.00	0.00	0.00	0.00;
-2.76	0.23	0.02	0.01	0.02	0.02	0.02	0.02	0.05	0.01	0.02	0.03	0.04	0.02	0.03	0.02	0.03	0.02	0.02	0.00	0.01	0.00	0.00	0.02	-0.03	-0.01	0.00	0.00	0.00	0.00	0.00	0.00;
-2.79	0.22	0.01	0.01	0.01	0.01	0.01	0.01	0.01	0.05	-0.01	0.02	0.02	0.02	0.02	0.02	0.02	0.01	0.02	0.00	0.01	0.01	0.01	0.00	0.01	-0.01	0.00	0.00	0.01	0.01	0.00	0.00;
-3.24	0.32	0.01	0.01	0.01	0.01	0.01	0.02	0.02	-0.01	0.10	0.02	0.03	0.02	0.03	0.02	0.03	0.02	0.03	0.00	0.01	0.01	0.01	0.01	-0.02	0.00	0.00	0.00	0.01	0.01	0.00	0.00;
-1.95	0.22	0.02	0.01	0.02	0.02	0.02	0.02	0.03	0.02	0.02	0.05	0.03	0.02	0.03	0.03	0.03	0.02	0.03	0.01	0.01	0.01	0.01	0.01	-0.02	-0.01	0.00	0.00	0.01	0.01	0.00	0.00;
-2.66	0.38	0.02	0.02	0.02	0.02	0.02	0.03	0.04	0.02	0.03	0.03	0.15	0.01	0.04	0.04	0.05	0.03	0.04	0.01	0.02	0.02	0.01	0.02	-0.05	-0.01	0.02	-0.01	0.00	0.01	0.00	0.00;
-3.08	0.29	0.01	0.01	0.01	0.01	0.01	0.02	0.02	0.02	0.02	0.02	0.01	0.08	0.03	0.03	0.03	0.03	0.03	0.00	0.01	0.01	0.01	0.01	-0.01	0.00	0.00	-0.01	0.02	0.01	0.00	0.00;
-2.68	0.24	0.02	0.01	0.02	0.02	0.02	0.02	0.03	0.02	0.03	0.03	0.04	0.03	0.06	0.03	0.04	0.03	0.04	0.01	0.01	0.02	0.01	0.01	-0.02	0.00	0.00	0.00	0.02	0.02	0.00	0.00;
-4.54	0.43	0.01	0.01	0.01	0.02	0.02	0.02	0.02	0.02	0.02	0.03	0.04	0.03	0.03	0.19	-0.01	0.03	0.04	0.00	0.01	0.01	0.01	0.01	-0.01	0.00	0.00	0.01	0.05	0.02	0.01	0.00;
-5.18	0.87	0.02	0.02	0.02	0.02	0.02	0.02	0.03	0.02	0.03	0.03	0.05	0.03	0.04	-0.01	0.75	-0.30	0.04	0.01	0.01	0.01	0.01	0.01	-0.02	0.00	0.01	0.00	0.04	-0.03	0.00	0.00;
-5.90	1.08	0.01	0.01	0.01	0.01	0.01	0.02	0.02	0.01	0.02	0.02	0.03	0.03	0.03	0.03	-0.30	1.17	0.04	0.00	0.01	0.02	0.01	0.01	-0.01	0.00	0.00	0.01	0.05	0.06	0.00	0.00;
-2.97	0.32	0.02	0.01	0.02	0.02	0.02	0.02	0.02	0.02	0.03	0.03	0.04	0.03	0.04	0.04	0.04	0.04	0.10	0.01	0.02	0.02	0.01	0.01	-0.01	0.00	0.00	0.02	0.07	0.04	0.01	0.00;
1.59	0.21	0.00	0.00	0.00	0.00	0.00	0.00	0.00	0.00	0.00	0.01	0.01	0.00	0.01	0.00	0.01	0.00	0.01	0.05	0.00	0.01	0.00	0.00	0.00	0.00	0.00	0.00	0.00	0.00	0.00	0.00;
2.15	0.30	0.01	0.01	0.01	0.01	0.01	0.01	0.01	0.01	0.01	0.01	0.02	0.01	0.01	0.01	0.01	0.01	0.02	0.00	0.09	0.02	0.01	0.01	-0.01	0.00	0.00	0.00	0.01	0.01	0.00	0.00;
2.66	0.58	0.01	0.01	0.01	0.01	0.02	0.00	0.00	0.01	0.01	0.01	0.02	0.01	0.02	0.01	0.01	0.02	0.02	0.01	0.02	0.34	-0.01	0.01	-0.01	0.00	0.00	0.01	0.02	0.01	0.00	0.00;
1.49	0.23	0.00	0.00	0.00	0.01	0.00	0.01	0.00	0.01	0.01	0.01	0.01	0.01	0.01	0.01	0.01	0.01	0.01	0.00	0.01	-0.01	0.05	0.00	0.00	0.00	0.00	0.00	0.01	0.01	0.00	0.00;
1.43	0.25	0.01	0.01	0.01	0.01	0.01	0.01	0.02	0.00	0.01	0.01	0.02	0.01	0.01	0.01	0.01	0.01	0.01	0.00	0.01	0.01	0.00	0.06	-0.04	0.00	0.00	0.00	0.01	0.00	0.00	0.00;
1.60	0.43	-0.01	-0.01	-0.01	-0.01	-0.01	-0.02	-0.03	0.01	-0.02	-0.02	-0.05	-0.01	-0.02	-0.01	-0.02	-0.01	-0.01	0.00	-0.01	-0.01	0.00	-0.04	0.18	-0.02	0.00	0.01	0.03	0.01	0.00	0.00;
1.07	0.25	0.00	0.00	0.00	0.00	0.00	0.00	-0.01	-0.01	0.00	-0.01	-0.01	0.00	0.00	0.00	0.00	0.00	0.00	0.00	0.00	0.00	0.00	0.00	-0.02	0.06	0.01	0.00	0.00	0.00	0.00	0.00;
2.14	0.53	0.00	0.00	0.00	0.00	0.00	0.00	0.00	0.00	0.00	0.00	0.02	0.00	0.00	0.00	0.01	0.00	0.00	0.00	0.00	0.00	0.00	0.00	0.00	0.01	0.28	-0.08	-0.03	-0.01	0.00	0.00;
1.35	0.29	0.00	0.00	0.00	0.00	0.00	0.00	0.00	0.00	0.00	0.00	-0.01	-0.01	0.00	0.01	0.00	0.01	0.02	0.00	0.00	0.01	0.00	0.00	0.01	0.00	-0.08	0.08	0.03	0.03	0.01	0.01;
4.38	1.28	0.00	0.00	0.00	0.00	0.00	0.00	0.00	0.01	0.01	0.01	0.00	0.02	0.02	0.05	0.04	0.05	0.07	0.00	0.01	0.02	0.01	0.01	0.03	0.00	-0.03	0.03	1.64	0.06	0.02	0.02;
2.50	0.38	0.00	0.00	0.00	0.00	0.00	0.00	0.00	0.01	0.01	0.01	0.01	0.01	0.02	0.02	-0.03	0.06	0.04	0.00	0.01	0.01	0.01	0.00	0.01	0.00	-0.01	0.03	0.06	0.15	0.01	0.01;
0.69	0.12	0.00	0.00	0.00	0.00	0.00	0.00	0.00	0.00	0.00	0.00	0.00	0.00	0.00	0.01	0.00	0.00	0.01	0.00	0.00	0.00	0.00	0.00	0.00	0.00	0.00	0.01	0.02	0.01	0.02	0.00;
0.75	0.18	0.00	0.00	0.00	0.00	0.00	0.00	0.00	0.00	0.00	0.00	0.00	0.00	0.00	0.00	0.00	0.00	0.00	0.00	0.00	0.00	0.00	0.00	0.00	0.00	0.00	0.01	0.02	0.01	0.00	0.03];

betaR=covRmod(:,1);
covR=covRmod(:,3:end);

% survival probabilities from the model selection***********************************
% 36 models (rows)
BETAS=[...
0.1380	2	2.70	2.98	0.00	2	2.55	2.74	0.00
0.0933	4	3.45	2.28	-17.99	4	3.10	0.98	-15.00
0.0768	4	3.21	2.48	-13.32	2	2.55	2.05	0.00
0.0739	2	2.67	2.93	0.00	2	2.60	1.26	-5.69
0.0622	4	3.01	2.08	-10.43	1	2.33	0.00	0.00
0.0480	4	3.23	2.25	-15.21	2	2.67	0.17	-8.56
0.0454	4	2.69	2.82	0.00	1	2.34	0.00	0.00
0.0404	4	2.97	4.41	0.00	2	2.55	1.72	0.00
0.0319	4	2.81	3.54	0.00	3	2.47	1.49	0.00
0.0236	4	3.01	2.07	-10.71	4	2.31	-0.18	0.00
0.0225	1	2.36	0.00	0.00	1	2.25	0.00	0.00
0.0216	4	3.57	7.32	0.00	4	3.12	1.59	-12.47
0.0213	3	2.53	1.72	0.00	1	2.26	0.00	0.00
0.0193	4	2.69	2.92	0.00	1	2.37	0.43	0.00
0.0187	4	3.02	2.27	-10.25	3	2.43	1.26	0.00
0.0176	4	2.79	3.39	0.00	4	2.39	0.46	0.00
0.0175	2	2.59	2.11	0.00	4	2.68	0.46	-8.77
0.0174	2	2.51	1.68	0.00	4	2.24	-0.48	0.00
0.0173	4	2.96	4.42	0.00	2	2.61	1.00	-3.53
0.0173	4	2.96	4.42	0.00	2	2.61	1.00	-3.53
0.0313	4	3.00	2.08	-10.35	1	2.35	0.42	0.00
0.0148	1	2.37	0.00	0.00	2	2.35	1.07	0.00
0.0144	3	2.47	1.40	0.00	2	2.35	1.31	0.00
0.0137	2	2.67	2.87	-0.08	2	2.61	1.22	-5.70
0.0125	2	2.54	1.88	0.00	3	2.35	1.17	0.00
0.0114	1	2.36	0.00	0.00	1	2.27	0.32	0.00
0.0100	2	2.45	1.23	0.00	1	2.24	0.00	0.00
0.0100	1	2.36	0.00	0.00	4	2.23	-0.59	0.00
0.0089	2	2.52	1.68	0.00	1	2.28	0.26	0.00
0.0088	2	2.59	2.11	0.00	4	2.68	0.46	-8.78
0.0078	3	2.46	1.35	0.00	2	2.45	0.36	-4.90
0.0073	1	2.35	0.00	0.00	2	2.45	0.07	-5.45
0.0068	4	2.38	0.38	0.00	1	2.25	0.00	0.00
0.0065	2	2.61	1.89	-1.05	4	2.68	0.46	-8.99
0.0059	1	2.37	0.00	0.00	3	2.32	0.79	0.00
0.0058	3	2.47	1.22	0.00	4	2.54	0.27	-6.45];

% here the number of simulation is used to weigth t
W=BETAS(:,1); %model weigths
betaS=[BETAS(:,3:5) BETAS(:,7:9)]; %beta estimate of the regression coeff
