function [bR,bS]=beta
%***************************************************
% beta= slope, intercept of relationship with covariates
% final model
%***************************************************
% return of breeders; range of estimable parameters before 1990
% time varying
% B 1:13 years
% NB 1:17 years
bR=[-2.11;
    -2.42;
    -1.91;
    -2.18;
    -3.01;
    -2.71;
    -2.76;
    -2.79;
    -3.24;
    -1.95;
    -2.66;
    -3.08;
    -2.68;
    -4.54;
    -5.18;
    -5.90;
    -2.97;
    1.59;
    2.15;
    2.66;
    1.49;
    1.43;
    1.60;
    1.07;
    2.14;
    1.35;
    4.38;
    2.50;
    0.690;
    0.750];

%***************************************************
% beta= weigth;cov female;	beta 0;	beta 1;	beta 2;
%cov male;	beta 0; beta 1;	beta 2;
% all models
%***************************************************

bS=[...
0.1380	2	2.70	2.98	0.00	2	2.55	2.74	0.00
0.0933	4	3.45	2.28	-17.99	4	3.10	0.98	-15.00
0.0768	4	3.21	2.48	-13.32	2	2.55	2.05	0.00
0.0739	2	2.67	2.93	0.00	2	2.60	1.26	-5.69
0.0622	4	3.01	2.08	-10.43	1	2.33	0.00	0.00
0.0480	4	3.23	2.25	-15.21	2	2.67	0.17	-8.56
0.0454	4	2.69	2.82	0.00	1	2.34	0.00	0.00
0.0404	4	2.97	4.41	0.00	2	2.55	1.72	0.00
0.0319	4	2.81	3.54	0.00	3	2.47	1.49	0.00
0.0236	4	3.01	2.07	-10.71	4	2.31	-0.18	0.00
0.0225	1	2.36	0.00	0.00	1	2.25	0.00	0.00
0.0216	4	3.57	7.32	0.00	4	3.12	1.59	-12.47
0.0213	3	2.53	1.72	0.00	1	2.26	0.00	0.00
0.0193	4	2.69	2.92	0.00	1	2.37	0.43	0.00
0.0187	4	3.02	2.27	-10.25	3	2.43	1.26	0.00
0.0176	4	2.79	3.39	0.00	4	2.39	0.46	0.00
0.0175	2	2.59	2.11	0.00	4	2.68	0.46	-8.77
0.0174	2	2.51	1.68	0.00	4	2.24	-0.48	0.00
0.0173	4	2.96	4.42	0.00	2	2.61	1.00	-3.53
0.0173	4	2.96	4.42	0.00	2	2.61	1.00	-3.53
0.0313	4	3.00	2.08	-10.35	1	2.35	0.42	0.00
0.0148	1	2.37	0.00	0.00	2	2.35	1.07	0.00
0.0144	3	2.47	1.40	0.00	2	2.35	1.31	0.00
0.0137	2	2.67	2.87	-0.08	2	2.61	1.22	-5.70
0.0125	2	2.54	1.88	0.00	3	2.35	1.17	0.00
0.0114	1	2.36	0.00	0.00	1	2.27	0.32	0.00
0.0100	2	2.45	1.23	0.00	1	2.24	0.00	0.00
0.0100	1	2.36	0.00	0.00	4	2.23	-0.59	0.00
0.0089	2	2.52	1.68	0.00	1	2.28	0.26	0.00
0.0088	2	2.59	2.11	0.00	4	2.68	0.46	-8.78
0.0078	3	2.46	1.35	0.00	2	2.45	0.36	-4.90
0.0073	1	2.35	0.00	0.00	2	2.45	0.07	-5.45
0.0068	4	2.38	0.38	0.00	1	2.25	0.00	0.00
0.0065	2	2.61	1.89	-1.05	4	2.68	0.46	-8.99
0.0059	1	2.37	0.00	0.00	3	2.32	0.79	0.00
0.0058	3	2.47	1.22	0.00	4	2.54	0.27	-6.45];

return
